468.0 -10.16895433009665 -109.50999804630301 64.92395335324815 0.0 -90.0 0.0
468.0 -77.28952874937704 157.47216887190189 -1.4465556865739018 0.0 -90.0 0.0
175.5 -77.28952874937704 157.47216887190189 -1.4465556865739018 0.0 -90.0 0.0
175.5 -76.16406906662661 154.93204347841095 -1.3019526725788637 0.0 -90.0 0.0
175.5 -75.1124312695126 152.61184138698925 -1.1934894239820295 0.0 -90.0 0.0
175.5 -74.0383180469533 150.28004832431935 -1.1017061152063832 0.0 -90.0 0.0
175.5 -72.94473358017174 147.9355275376792 -1.0230301886678603 0.0 -90.0 0.0
175.5 -71.83370097588204 145.57708445950846 -0.9548412538721891 0.0 -90.0 0.0
175.5 -70.70655697735687 143.20346137513587 -0.8951737102110684 0.0 -90.0 0.0
175.5 -69.56414113182389 140.8133307851286 -0.8425242607404186 0.0 -90.0 0.0
175.5 -68.40692020955632 138.4052875245912 -0.7957235527392754 0.0 -90.0 0.0
175.5 -67.235071461943 135.97783959002751 -0.7538483330707635 0.0 -90.0 0.0
175.5 -66.04853882662059 133.529397544182 -0.7161599454704088 0.0 -90.0 0.0
175.5 -67.235071461943 135.97783959002751 -0.7538483330707635 0.0 -90.0 0.0
175.5 -68.40692020955632 138.4052875245912 -0.7957235527392754 0.0 -90.0 0.0
175.5 -69.56414113182389 140.8133307851286 -0.8425242607404186 0.0 -90.0 0.0
175.5 -70.70655697735687 143.20346137513587 -0.8951737102110684 0.0 -90.0 0.0
175.5 -71.83370097588204 145.57708445950846 -0.9548412538721891 0.0 -90.0 0.0
175.5 -72.94473358017174 147.9355275376792 -1.0230301886678603 0.0 -90.0 0.0
175.5 -74.0383180469533 150.28004832431935 -1.1017061152063832 0.0 -90.0 0.0
175.5 -75.1124312695126 152.61184138698925 -1.1934894239820295 0.0 -90.0 0.0
175.5 -77.28952874937704 157.47216887190189 -1.4465556865739018 0.0 -90.0 0.0
468.0 -77.28952874937704 157.47216887190189 -1.4465556865739018 0.0 -90.0 0.0
468.0 -10.16895433009665 -109.50999804630301 64.92395335324815 0.0 -90.0 0.0
